0.000000000000000000e+00
0.000000000000000000e+00
0.000000000000000000e+00
0.000000000000000000e+00
0.000000000000000000e+00
0.000000000000000000e+00
0.000000000000000000e+00
0.000000000000000000e+00
0.000000000000000000e+00
0.000000000000000000e+00
0.000000000000000000e+00
0.000000000000000000e+00
0.000000000000000000e+00
2.340000000000001634e+01
3.527999999999997982e+01
2.232000000000001094e+01
1.872000000000000597e+01
1.583999999999999275e+01
1.512000000000000099e+01
1.440000000000000924e+01
1.367999999999999439e+01
1.296000000000000796e+01
1.296000000000000796e+01
1.224000000000000021e+01
1.224000000000000021e+01
1.151999999999999247e+01
1.224000000000000021e+01
1.151999999999999247e+01
1.151999999999999247e+01
1.080000000000000604e+01
1.151999999999999247e+01
1.080000000000000604e+01
1.151999999999999247e+01
1.080000000000000604e+01
1.080000000000000604e+01
1.080000000000000604e+01
1.080000000000000604e+01
1.080000000000000604e+01
1.080000000000000604e+01
1.080000000000000604e+01
1.080000000000000604e+01
1.080000000000000604e+01
1.080000000000000604e+01
1.007999999999999297e+01
1.080000000000000604e+01
1.007999999999999297e+01
1.080000000000000604e+01
1.080000000000000604e+01
1.007999999999999297e+01
1.080000000000000604e+01
1.007999999999999297e+01
1.761000000000000654e+01
1.439999999999999325e+01
1.325999999999999446e+01
1.338000000000000611e+01
1.235999999999999233e+01
1.290000000000000568e+01
1.199999999999999467e+01
1.187999999999999545e+01
1.181999999999999318e+01
1.242000000000000526e+01
1.163999999999999169e+01
1.163999999999999169e+01
1.224000000000000554e+01
1.151999999999999247e+01
1.145999999999999197e+01
1.145999999999999197e+01
1.212000000000000632e+01
1.139999999999999325e+01
1.133999999999999098e+01
1.133999999999999098e+01
1.133999999999999098e+01
1.206000000000000405e+01
1.127999999999999403e+01
3.232300000000001887e+02
1.404200000000003286e+02
1.132800000000001575e+02
9.792000000000000171e+01
8.844000000000006878e+01
8.092000000000003013e+01
7.582000000000024897e+01
7.236000000000004206e+01
6.902000000000010971e+01
6.556000000000004491e+01
6.386000000000004917e+01
6.216000000000013870e+01
6.288000000000005940e+01
5.876000000000013301e+01
2.728600000000002979e+02
1.464400000000000261e+02
1.260799999999999272e+02
1.145800000000002967e+02
1.056600000000000676e+02
1.007800000000001432e+02
2.414900000000001228e+02
1.546000000000001080e+02
1.366400000000002990e+02
1.272400000000001938e+02
1.222400000000001512e+02
1.168600000000003831e+02
1.125199999999998681e+02
1.084599999999997522e+02
1.071399999999999011e+02
1.047200000000001410e+02
3.494200000000006412e+02
2.030199999999994418e+02
1.783799999999994554e+02
1.641999999999994486e+02
1.563199999999998795e+02
1.486999999999999886e+02
1.452599999999997067e+02
1.386799999999999500e+02
1.369800000000001603e+02
1.322200000000002547e+02
3.033299999999999841e+02
2.003200000000007321e+02
1.860300000000000296e+02
1.739800000000001603e+02
1.658200000000003911e+02
1.612200000000007094e+02
1.556800000000004047e+02
1.525999999999995396e+02
1.491599999999998829e+02
1.473800000000000523e+02
1.443199999999996805e+02
1.418999999999999488e+02
1.405400000000001057e+02
1.394800000000002171e+02
1.353800000000004218e+02
1.364000000000005173e+02
1.350000000000005969e+02
1.322999999999999545e+02
1.305799999999997851e+02
1.326399999999998158e+02
1.291599999999996271e+02
1.275200000000000387e+02
1.308999999999997783e+02
1.257799999999999301e+02
1.250599999999999881e+02
1.261599999999999397e+02
1.240600000000001302e+02
1.254199999999999591e+02
1.233800000000001944e+02
1.237000000000001450e+02
1.223200000000003200e+02
1.220400000000003473e+02
1.219800000000003308e+02
1.220400000000003473e+02
1.192200000000000841e+02
1.203200000000005332e+02
1.202600000000004741e+02
1.203200000000005332e+02
1.168400000000002308e+02
1.199400000000004525e+02
1.195800000000005525e+02
1.162400000000002791e+02
1.195800000000005525e+02
1.175400000000006031e+02
1.161800000000002342e+02
1.175400000000006031e+02
1.165400000000003331e+02
1.186000000000005770e+02
1.151200000000002603e+02
1.172600000000007157e+02
1.140600000000000875e+02
1.179200000000006412e+02
1.144600000000003206e+02
1.168000000000006082e+02
1.155600000000003575e+02
1.140800000000000978e+02
1.165800000000001120e+02
1.144400000000003246e+02
1.158400000000004724e+02
1.148199999999997658e+02
1.168000000000006082e+02
1.128199999999997658e+02
1.154800000000002882e+02
1.151599999999999540e+02
1.144400000000003246e+02
1.120199999999998113e+02
1.179200000000006412e+02
1.144400000000003246e+02
1.151599999999999540e+02
1.154800000000002882e+02
1.128199999999997658e+02
1.168000000000006082e+02
1.148199999999997658e+02
1.158400000000004724e+02
1.144400000000003246e+02
1.165800000000001120e+02
1.140800000000000978e+02
1.155600000000003575e+02
1.168000000000006082e+02
1.144600000000003206e+02
1.179200000000006412e+02
1.140600000000000875e+02
1.172600000000007157e+02
1.151200000000002603e+02
1.186000000000005770e+02
1.165400000000003331e+02
1.175400000000006031e+02
1.161800000000002342e+02
1.175400000000006031e+02
1.195800000000005525e+02
1.162400000000002791e+02
1.195800000000005525e+02
1.199400000000004525e+02
1.168400000000002308e+02
1.203200000000005332e+02
1.202600000000004741e+02
1.203200000000005332e+02
1.192200000000000841e+02
1.220400000000003473e+02
1.219800000000003308e+02
1.220400000000003473e+02
1.223200000000003200e+02
1.237000000000001450e+02
1.233800000000001944e+02
1.254199999999999591e+02
1.240600000000001302e+02
1.261599999999999397e+02
1.250599999999999881e+02
1.257799999999999301e+02
1.308999999999997783e+02
1.275200000000000387e+02
1.291599999999996271e+02
1.326399999999998158e+02
1.305799999999997851e+02
1.322999999999999545e+02
1.350000000000005969e+02
1.364000000000005173e+02
1.353800000000004218e+02
1.394800000000002171e+02
1.405400000000001057e+02
1.418999999999999488e+02
1.443199999999996805e+02
1.473800000000000523e+02
1.491599999999998829e+02
1.525999999999995396e+02
1.556800000000004047e+02
1.612200000000007094e+02
1.658200000000003911e+02
1.739800000000001603e+02
1.860200000000000387e+02
2.003300000000007515e+02
3.030000000000003979e+02
1.325500000000002103e+02
1.369800000000001603e+02
1.386799999999999500e+02
1.452599999999997067e+02
1.486999999999999886e+02
1.563199999999998795e+02
1.641999999999994486e+02
1.783799999999994554e+02
2.030199999999994418e+02
3.489000000000011141e+02
1.052400000000000944e+02
1.071399999999999011e+02
1.084599999999997522e+02
1.125199999999998681e+02
1.168600000000003831e+02
1.222400000000001512e+02
1.272400000000001938e+02
1.366400000000002990e+02
1.546000000000001080e+02
2.411600000000003661e+02
1.011100000000001273e+02
1.056600000000000676e+02
1.145800000000002967e+02
1.260799999999999272e+02
1.464400000000000261e+02
2.723400000000000887e+02
5.928000000000008640e+01
6.288000000000005940e+01
6.216000000000013870e+01
6.386000000000004917e+01
6.556000000000004491e+01
6.902000000000010971e+01
7.236000000000004206e+01
7.582000000000024897e+01
8.092000000000003013e+01
8.844000000000006878e+01
9.792000000000000171e+01
1.132800000000001575e+02
1.404200000000003286e+02
3.223799999999994839e+02
1.213000000000000256e+01
1.206000000000000405e+01
1.133999999999999098e+01
1.133999999999999098e+01
1.133999999999999098e+01
1.139999999999999325e+01
1.212000000000000632e+01
1.145999999999999197e+01
1.145999999999999197e+01
1.151999999999999247e+01
1.224000000000000554e+01
1.163999999999999169e+01
1.163999999999999169e+01
1.242000000000000526e+01
1.181999999999999318e+01
1.187999999999999545e+01
1.199999999999999467e+01
1.290000000000000568e+01
1.235999999999999233e+01
1.338000000000000611e+01
1.325999999999999446e+01
1.439999999999999325e+01
1.761000000000000654e+01
1.007999999999999297e+01
1.080000000000000604e+01
1.007999999999999297e+01
1.080000000000000604e+01
1.080000000000000604e+01
1.007999999999999297e+01
1.080000000000000604e+01
1.007999999999999297e+01
1.080000000000000604e+01
1.080000000000000604e+01
1.080000000000000604e+01
1.080000000000000604e+01
1.080000000000000604e+01
1.080000000000000604e+01
1.080000000000000604e+01
1.080000000000000604e+01
1.080000000000000604e+01
1.080000000000000604e+01
1.151999999999999247e+01
1.080000000000000604e+01
1.151999999999999247e+01
1.080000000000000604e+01
1.151999999999999247e+01
1.151999999999999247e+01
1.224000000000000021e+01
1.151999999999999247e+01
1.224000000000000021e+01
1.224000000000000021e+01
1.296000000000000796e+01
1.296000000000000796e+01
1.367999999999999439e+01
1.440000000000000924e+01
1.512000000000000099e+01
1.583999999999999275e+01
1.872000000000000597e+01
2.232000000000001094e+01
3.527999999999997982e+01
2.340000000000001634e+01
0.000000000000000000e+00
0.000000000000000000e+00
0.000000000000000000e+00
0.000000000000000000e+00
0.000000000000000000e+00
0.000000000000000000e+00
0.000000000000000000e+00
0.000000000000000000e+00
0.000000000000000000e+00
0.000000000000000000e+00
0.000000000000000000e+00
0.000000000000000000e+00
0.000000000000000000e+00
