0.000000000000000000e+00
0.000000000000000000e+00
0.000000000000000000e+00
0.000000000000000000e+00
0.000000000000000000e+00
0.000000000000000000e+00
0.000000000000000000e+00
0.000000000000000000e+00
0.000000000000000000e+00
0.000000000000000000e+00
0.000000000000000000e+00
0.000000000000000000e+00
0.000000000000000000e+00
6.216460950753312023e-13
1.364180383569639617e-11
1.346293951106783987e-11
1.016343618167763147e-10
1.095539094738120123e-09
2.725958126264123247e-09
6.429925110718031108e-09
8.715459718929000875e-09
7.577094012055956397e-09
7.668994950360160984e-09
9.162176420247829175e-09
7.136757214442843166e-09
9.631068829877059738e-09
6.971397333471637775e-09
1.140951441749988431e-08
1.666329993335526711e-08
1.957101456087460026e-08
2.173287035380676557e-08
1.519917654290444653e-08
1.849972570085867019e-08
4.656177508694868780e-08
8.226460765322568737e-08
9.129978391435309825e-08
1.210186472967654277e-07
1.656321634250150795e-07
2.737827119645619395e-07
3.633488754059138881e-07
8.758002476345359819e-07
2.041418946722057431e-06
2.226414441373896601e-06
8.726440422247490841e-07
1.099092121295344608e-06
1.194595573968146481e-06
1.053400785041489088e-06
1.081556951916545086e-06
1.664102975790436294e-06
1.809287350706501545e-06
4.011808988232534536e-06
6.434876474854580859e-06
4.684229583210528590e-06
5.676742496472565820e-06
5.225038070747547426e-06
6.395957825303218364e-06
8.206817980817444745e-06
7.891862632851300894e-06
9.020845452048312444e-06
2.255832356560994706e-05
3.276223073956519981e-05
2.525134747498084553e-05
1.065021162619263026e-05
1.324137462945007705e-05
2.174694554695536756e-05
1.910097984521171271e-05
3.208162348315662336e-05
4.693650328686677786e-05
1.095668533220430050e-04
4.229106462986651405e-05
5.360877693887301814e-05
4.156908132451190462e-05
8.498713628064850044e-05
8.949465504058070383e-05
2.020426511337712269e-03
1.384179833688905809e-03
1.199489167470133661e-03
1.087620287326696369e-03
8.344615416386537334e-04
6.635717411551128207e-04
4.853517480794996815e-04
5.128925765448909659e-04
6.375980543125253598e-04
5.394216316822688815e-04
4.743383056088676234e-04
4.880169269304668149e-04
3.891814036327237067e-04
3.422794142151319415e-04
2.907338842219639279e-03
1.284440694551655313e-03
9.502884310914509270e-04
1.191963457724265051e-03
1.192267781674879882e-03
9.502163843197105339e-04
1.995400242669034645e-03
1.315479827423344074e-03
1.768889792188155837e-03
2.082520800576982776e-03
2.326190615979351842e-03
1.848723849236960518e-03
2.087979008276793971e-03
1.438991199067304882e-03
1.414267341799936746e-03
1.352410345340505611e-03
6.029338204401354755e-03
3.454047940726216563e-03
3.723055838709764687e-03
3.357758711481047872e-03
4.008832598569987346e-03
3.268582831424911902e-03
3.403249451564430931e-03
3.135765374459686776e-03
3.033999830047378384e-03
2.067490161683013285e-03
5.175516745583376953e-03
3.673777498489514889e-03
3.702907989584261830e-03
4.805789884491953184e-03
4.141937951353574093e-03
3.833364409341078090e-03
2.872786494113241645e-03
2.508236956281279049e-03
3.005868274973378784e-03
2.678247670949581404e-03
2.877074403240666416e-03
2.828100965941609743e-03
3.619505988462060758e-03
3.938061976876791777e-03
3.721682317073959564e-03
3.738850861981076086e-03
3.611063929009286893e-03
2.579686339106815850e-03
2.918042686704168387e-03
3.355528581560250894e-03
3.557861555120556130e-03
2.326201919233517393e-03
1.579847587853217602e-03
1.766531443449047452e-03
1.483924537204755903e-03
1.117017256171572766e-03
1.268817528562918686e-03
1.854508578849128940e-03
1.185707237841582187e-03
1.123179317193912169e-03
7.936398498880454198e-04
8.998846448208461246e-04
1.120723443430394952e-03
8.819382621786265447e-04
8.523343803256174097e-04
9.284794284705515316e-04
1.446092458638762335e-03
1.242945905270746026e-03
1.566599997649054631e-03
1.516455849794341552e-03
1.370116680467242882e-03
1.185626778830299035e-03
1.296966152697705266e-03
1.250596157244748558e-03
1.658259457558145054e-03
1.352132680754963281e-03
1.074674031865017207e-03
1.065279702943701433e-03
9.389663147216385699e-04
8.381255563332988762e-04
8.927534043133203813e-04
1.105421575912413773e-03
1.302046882819997507e-03
1.170681640620714918e-03
8.396373603681460884e-04
7.210611543202332958e-04
6.715317035184194695e-04
4.638963838110381731e-04
4.983569727638286189e-04
5.025827502484417212e-04
3.273506998942779110e-04
3.386896941456288171e-04
3.248608743781478516e-04
5.007103782103894613e-04
5.438169338893882650e-04
6.177282008552971351e-04
4.951105435518590074e-04
4.438541072971088973e-04
5.799631310158733519e-04
4.452124545807477785e-04
4.038560556580488795e-04
5.063644756203216973e-04
5.617256797412566692e-04
4.889378840574769075e-04
5.327862885536517211e-04
3.694105820442161302e-04
4.979103249899488604e-04
3.944572701972610712e-04
1.223275790448221864e-03
1.132448588648782804e-03
1.109274063777146262e-03
8.109095899403600833e-04
5.963354202313359779e-04
6.286272969470028862e-04
2.994763017055338916e-04
2.021066869609128161e-04
1.504262049222109541e-04
1.961822329556773582e-04
1.632267589507527879e-04
3.315102289896043803e-04
3.030806034875037900e-04
2.541650668629706080e-04
1.754596710838127486e-04
2.048383041452123989e-04
1.988114180505663503e-04
2.089489395709249206e-04
2.657881730900738871e-04
3.240903051758956986e-04
2.877232067210666253e-04
2.197272461524944569e-04
1.759496966028177253e-04
2.759619541963370388e-04
1.412605629475402946e-04
2.331791107221845385e-04
1.591808972024312768e-04
2.739622149624169976e-04
2.549957906938308790e-04
1.740925681994117693e-04
1.860326172446348091e-04
1.679779679185415759e-04
2.104829588891879769e-04
5.905041568992165429e-04
4.226116907044142734e-04
5.988270711687635004e-04
1.238802177532945757e-04
1.666535317849055853e-04
3.422062651388335869e-04
3.672349290924123541e-04
4.044267879825803836e-04
2.080973610648817929e-04
1.785070436977894228e-04
2.012131032832009474e-04
1.162656519360229468e-04
1.355026595271796596e-04
1.549163649680286776e-04
3.058797239349679651e-04
1.460379746113578837e-04
9.087295606903355975e-05
1.529848348718928889e-04
1.970657882212488075e-04
1.238129953595990505e-04
2.922014112474156412e-04
2.524950566157395902e-04
4.332091122550669419e-04
2.172113362409997829e-04
5.862960831010395439e-04
8.174255379037688235e-05
3.077982510107477601e-05
3.166978805265491557e-05
1.309794178207628317e-04
6.216236835523974861e-05
3.964831000622400610e-04
4.895395154935961498e-05
4.278042888348700692e-05
1.379294831675454631e-05
1.386727296890517622e-05
9.299520731670692962e-06
1.366759435810619367e-05
3.447025796822757670e-05
1.270146407832855539e-05
9.036229463809842088e-06
2.448083768233503667e-05
8.638997200926447164e-06
9.554701006201973124e-06
1.709168789380677622e-06
3.337213035090535495e-06
7.759103308808739115e-06
1.764962026598126363e-05
2.095267309314405051e-06
7.771434651731436512e-07
7.804743400257369576e-07
7.923070407057010944e-07
6.104338804480954508e-07
2.750494489134169581e-07
4.653420572089873344e-07
5.159380468455386278e-07
5.032064288901936471e-07
9.476281839763426869e-07
1.553303802265741811e-06
1.890071813000947455e-06
5.402374759212663040e-07
1.255242150512924268e-06
1.903857394923933824e-07
2.832908634970454431e-07
2.766851215182267293e-07
2.703461868952330038e-07
9.015370609513102146e-09
9.825812260135283884e-10
0.000000000000000000e+00
0.000000000000000000e+00
0.000000000000000000e+00
0.000000000000000000e+00
0.000000000000000000e+00
0.000000000000000000e+00
0.000000000000000000e+00
0.000000000000000000e+00
0.000000000000000000e+00
0.000000000000000000e+00
0.000000000000000000e+00
0.000000000000000000e+00
0.000000000000000000e+00
0.000000000000000000e+00
0.000000000000000000e+00
0.000000000000000000e+00
0.000000000000000000e+00
0.000000000000000000e+00
0.000000000000000000e+00
0.000000000000000000e+00
0.000000000000000000e+00
0.000000000000000000e+00
0.000000000000000000e+00
0.000000000000000000e+00
0.000000000000000000e+00
0.000000000000000000e+00
0.000000000000000000e+00
0.000000000000000000e+00
0.000000000000000000e+00
0.000000000000000000e+00
0.000000000000000000e+00
0.000000000000000000e+00
0.000000000000000000e+00
0.000000000000000000e+00
0.000000000000000000e+00
0.000000000000000000e+00
0.000000000000000000e+00
0.000000000000000000e+00
0.000000000000000000e+00
0.000000000000000000e+00
0.000000000000000000e+00
0.000000000000000000e+00
0.000000000000000000e+00
0.000000000000000000e+00
0.000000000000000000e+00
0.000000000000000000e+00
0.000000000000000000e+00
0.000000000000000000e+00
0.000000000000000000e+00
0.000000000000000000e+00
0.000000000000000000e+00
0.000000000000000000e+00
0.000000000000000000e+00
0.000000000000000000e+00
0.000000000000000000e+00
0.000000000000000000e+00
0.000000000000000000e+00
0.000000000000000000e+00
0.000000000000000000e+00
0.000000000000000000e+00
0.000000000000000000e+00
0.000000000000000000e+00
0.000000000000000000e+00
0.000000000000000000e+00
0.000000000000000000e+00
0.000000000000000000e+00
0.000000000000000000e+00
0.000000000000000000e+00
